2.000000000000000355e+01 4.260746347939882389e-23
2.008662324824679501e+01 4.222403247318646072e-23
2.017362167585043053e+01 4.184403429603108893e-23
2.026099690777363449e+01 4.146743854983847990e-23
2.034875057601711390e+01 4.109421510878462824e-23
2.043688431965003360e+01 4.072433411690321418e-23
2.052539978484063354e+01 4.035776598569471274e-23
2.061429862488698106e+01 3.999448139175660299e-23
2.070358250024783686e+01 3.963445127443511823e-23
2.079325307857368443e+01 3.927764683349763201e-23
2.088331203473786601e+01 3.892403952682606787e-23
2.097376105086788556e+01 3.857360106813075087e-23
2.106460181637679696e+01 3.822630342468485969e-23
2.115583602799478768e+01 3.788211881507889746e-23
2.124746538980086186e+01 3.754101970699543976e-23
2.133949161325465482e+01 3.720297881500364275e-23
2.143191641722841823e+01 3.686796909837341141e-23
2.152474152803912588e+01 3.653596375890918096e-23
2.161796867948069334e+01 3.620693623880306443e-23
2.171159961285639639e+01 3.588086021850701991e-23
2.180563607701136775e+01 3.555770961462420166e-23
2.190007982836527844e+01 3.523745857781902528e-23
2.199493263094512940e+01 3.492008149074595834e-23
2.209019625641822415e+01 3.460555296599671352e-23
2.218587248412522683e+01 3.429384784406595568e-23
2.228196310111343337e+01 3.398494119133486476e-23
2.237846990217011367e+01 3.367880829807308332e-23
2.247539468985606703e+01 3.337542467645814383e-23
2.257273927453926987e+01 3.307476605861281030e-23
2.267050547442869757e+01 3.277680839465979980e-23
2.276869511560828130e+01 3.248152785079395989e-23
2.286731003207102830e+01 3.218890080737152612e-23
2.296635206575324872e+01 3.189890385701663570e-23
2.306582306656899917e+01 3.161151380274443328e-23
2.316572489244460087e+01 3.132670765610115684e-23
2.326605940935335681e+01 3.104446263532075089e-23
2.336682849135041096e+01 3.076475616349786615e-23
2.346803402060773536e+01 3.048756586677713395e-23
2.356967788744929848e+01 3.021286957255868592e-23
2.367176199038637208e+01 2.994064530771957227e-23
2.377428823615298370e+01 2.967087129685100808e-23
2.387725853974153978e+01 2.940352596051143591e-23
2.398067482443858367e+01 2.913858791349501672e-23
2.408453902186073137e+01 2.887603596311561972e-23
2.418885307199074219e+01 2.861584910750607010e-23
2.429361892321375294e+01 2.835800653393249016e-23
2.439883853235368250e+01 2.810248761712369261e-23
2.450451386470975734e+01 2.784927191761540271e-23
2.461064689409324302e+01 2.759833918010922118e-23
2.471723960286430355e+01 2.734966933184611614e-23
2.482429398196902071e+01 2.710324248099449713e-23
2.493181203097659449e+01 2.685903891505239496e-23
2.503979575811667857e+01 2.661703909926407092e-23
2.514824718031689699e+01 2.637722367505051719e-23
2.525716832324050998e+01 2.613957345845392818e-23
2.536656122132426461e+01 2.590406943859593680e-23
2.547642791781637683e+01 2.567069277614959524e-23
2.558677046481470541e+01 2.543942480182481220e-23
2.569759092330507144e+01 2.521024701486728481e-23
2.580889136319977339e+01 2.498314108157056084e-23
2.592067386337621926e+01 2.475808883380151033e-23
2.603294051171578971e+01 2.453507226753857191e-23
2.614569340514280782e+01 2.431407354142310881e-23
2.625893464966371837e+01 2.409507497532347202e-23
2.637266636040642709e+01 2.387805904891172054e-23
2.648689066165979256e+01 2.366300840025299284e-23
2.660160968691332428e+01 2.344990582440714769e-23
2.671682557889701215e+01 2.323873427204290911e-23
2.683254048962136551e+01 2.302947684806402509e-23
2.694875658041759436e+01 2.282211681024768063e-23
2.706547602197799307e+01 2.261663756789468353e-23
2.718270099439646259e+01 2.241302268049174000e-23
2.730043368720926011e+01 2.221125585638515033e-23
2.741867629943587303e+01 2.201132095146647095e-23
2.753743103962009542e+01 2.181320196786938791e-23
2.765670012587129278e+01 2.161688305267816592e-23
2.777648578590581607e+01 2.142234849664729113e-23
2.789679025708861815e+01 2.122958273293235447e-23
2.801761578647504436e+01 2.103857033583191132e-23
2.813896463085280075e+01 2.084929601954038770e-23
2.826083905678410346e+01 2.066174463691173947e-23
2.838324134064802706e+01 2.047590117823390246e-23
2.850617376868300568e+01 2.029175077001385733e-23
2.862963863702955081e+01 2.010927867377320045e-23
2.875363825177311838e+01 1.992847028485419135e-23
2.887817492898721028e+01 1.974931113123596523e-23
2.900325099477660729e+01 1.957178687236112808e-23
2.912886878532083657e+01 1.939588329797229939e-23
2.925503064691779187e+01 1.922158632695876113e-23
2.938173893602756692e+01 1.904888200621291929e-23
2.950899601931646643e+01 1.887775650949658063e-23
2.963680427370122672e+01 1.870819613631692744e-23
2.976516608639333228e+01 1.854018731081214295e-23
2.989408385494378351e+01 1.837371658064620570e-23
3.002355998728762998e+01 1.820877061591365498e-23
3.015359690178921070e+01 1.804533620805293449e-23
3.028419702728706397e+01 1.788340026876956896e-23
3.041536280313955487e+01 1.772294982896785729e-23
3.054709667927016881e+01 1.756397203769209004e-23
3.067940111621354404e+01 1.740645416107607190e-23
3.081227858516116669e+01 1.725038358130207444e-23
3.094573156800776914e+01 1.709574779556779999e-23
3.107976255739746207e+01 1.694253441506260242e-23
3.121437405677051657e+01 1.679073116395159848e-23
3.134956858040989758e+01 1.664032587836868354e-23
3.148534865348844747e+01 1.649130650541744360e-23
3.162171681211582808e+01 1.634366110218066327e-23
3.175867560338613060e+01 1.619737783473748312e-23
3.189622758542519065e+01 1.605244497718914411e-23
3.203437532743863159e+01 1.590885091069203183e-23
3.217312140975959522e+01 1.576658412249914897e-23
3.231246842389720086e+01 1.562563320500876724e-23
3.245241897258468100e+01 1.548598685482127528e-23
3.259297566982825600e+01 1.534763387180299447e-23
3.273414114095569971e+01 1.521056315815806434e-23
3.287591802266564400e+01 1.507476371750707254e-23
3.301830896307657781e+01 1.494022465397349583e-23
3.316131662177647144e+01 1.480693517127696201e-23
3.330494366987240085e+01 1.467488457183375865e-23
3.344919279004044199e+01 1.454406225586427730e-23
3.359406667657577117e+01 1.441445772050745484e-23
3.373956803544298566e+01 1.428606055894190044e-23
3.388569958432667306e+01 1.415886045951381978e-23
3.403246405268214403e+01 1.403284720487161317e-23
3.417986418178642083e+01 1.390801067110693013e-23
3.432790272478944615e+01 1.378434082690223313e-23
3.447658244676550510e+01 1.366182773268471208e-23
3.462590612476486740e+01 1.354046153978649647e-23
3.477587654786564997e+01 1.342023248961102119e-23
3.492649651722592807e+01 1.330113091280552850e-23
3.507776884613604551e+01 1.318314722843955907e-23
3.522969636007117344e+01 1.306627194318937201e-23
3.538228189674405400e+01 1.295049565052822171e-23
3.553552830615803515e+01 1.283580902992235206e-23
3.568943845066029752e+01 1.272220284603267558e-23
3.584401520499530847e+01 1.260966794792203036e-23
3.599926145635851782e+01 1.249819526826792210e-23
3.615518010445028096e+01 1.238777582258068809e-23
3.631177406153004483e+01 1.227840070842693041e-23
3.646904625247071863e+01 1.217006110465824616e-23
3.662699961481329325e+01 1.206274827064510490e-23
3.678563709882175203e+01 1.195645354551572485e-23
3.694496166753813782e+01 1.185116834740000671e-23
3.710497629683790421e+01 1.174688417267833691e-23
3.726568397548552269e+01 1.164359259523519719e-23
3.742708770519027439e+01 1.154128526571754671e-23
3.758919050066233325e+01 1.143995391079780909e-23
3.775199538966907653e+01 1.133959033244146305e-23
3.791550541309162980e+01 1.124018640717911901e-23
3.807972362498167485e+01 1.114173408538300081e-23
3.824465309261847779e+01 1.104422539054776655e-23
3.841029689656619439e+01 1.094765241857557439e-23
3.857665813073140981e+01 1.085200733706532133e-23
3.874373990242091281e+01 1.075728238460601391e-23
3.891154533239974000e+01 1.066346987007410323e-23
3.908007755494948299e+01 1.057056217193480198e-23
3.924933971792679444e+01 1.047855173754728349e-23
3.941933498282222814e+01 1.038743108247363362e-23
3.959006652481925670e+01 1.029719278979158031e-23
3.976153753285358050e+01 1.020782950941083052e-23
3.993375120967270675e+01 1.011933395739301294e-23
4.010671077189576295e+01 1.003169891527511483e-23
4.028041945007358038e+01 9.944917229396379322e-24
4.045488048874901210e+01 9.858981810228586574e-24
4.063009714651757065e+01 9.773885631709579345e-24
4.080607269608827892e+01 9.689621730580128422e-24
4.098281042434477683e+01 9.606183205723899894e-24
4.116031363240674068e+01 9.523563217510578623e-24
4.133858563569152977e+01 9.441754987142031832e-24
4.151762976397612448e+01 9.360751796001484908e-24
4.169744936145929159e+01 9.280546985005637405e-24
4.187804778682407658e+01 9.201133953959644310e-24
4.205942841330053028e+01 9.122506160914939075e-24
4.224159462872871273e+01 9.044657121529858729e-24
4.242454983562195281e+01 8.967580408432965279e-24
4.260829745123042755e+01 8.891269650589061937e-24
4.279284090760498316e+01 8.815718532667845386e-24
4.297818365166123300e+01 8.740920794415135324e-24
4.316432914524393993e+01 8.666870230026697438e-24
4.335128086519167567e+01 8.593560687524518754e-24
4.353904230340177151e+01 8.520986068135591203e-24
4.372761696689553190e+01 8.449140325673134325e-24
4.391700837788373235e+01 8.378017465920227756e-24
4.410722007383242982e+01 8.307611546015806437e-24
4.429825560752900770e+01 8.237916673843027400e-24
4.449011854714854763e+01 8.168927007419977248e-24
4.468281247632049258e+01 8.100636754292649812e-24
4.487634099419555866e+01 8.033040170930279202e-24
4.507070771551295252e+01 7.966131562122898956e-24
4.526591627066792967e+01 7.899905280381212495e-24
4.546197030577955900e+01 7.834355725338702906e-24
4.565887348275885671e+01 7.769477343156014360e-24
4.585662947937714762e+01 7.705264625927603709e-24
4.605524198933481728e+01 7.641712111090625514e-24
4.625471472233022752e+01 7.578814380836148968e-24
4.645505140412907963e+01 7.516566061522587688e-24
4.665625577663394807e+01 7.454961823091493708e-24
4.685833159795421210e+01 7.393996378485626071e-24
4.706128264247621473e+01 7.333664483069392433e-24
4.726511270093380546e+01 7.273960934051650488e-24
4.746982558047908185e+01 7.214880569910914731e-24
4.767542510475357176e+01 7.156418269822999452e-24
4.788191511395960021e+01 7.098568953091158169e-24
4.808929946493201868e+01 7.041327578578738632e-24
4.829758203121027549e+01 6.984689144144410680e-24
4.850676670311074190e+01 6.928648686080043375e-24
4.871685738779938646e+01 6.873201278551254917e-24
4.892785800936473350e+01 6.818342033040747003e-24
4.913977250889118409e+01 6.764066097794419242e-24
4.935260484453262109e+01 6.710368657270417884e-24
4.956635899158631275e+01 6.657244931591174730e-24
4.978103894256719997e+01 6.604690175998439859e-24
4.999664870728246768e+01 6.552699680311533760e-24
5.021319231290639351e+01 6.501268768388815893e-24
5.043067380405563682e+01 6.450392797592465218e-24
5.064909724286472681e+01 6.400067158256750469e-24
5.086846670906195556e+01 6.350287273159807805e-24
5.108878630004559795e+01 6.301048596999101437e-24
5.131006013096040874e+01 6.252346615870659059e-24
5.153229233477451032e+01 6.204176846752198166e-24
5.175548706235658614e+01 6.156534836990279911e-24
5.197964848255339376e+01 6.109416163791624940e-24
5.220478078226766172e+01 6.062816433718702894e-24
5.243088816653624917e+01 6.016731282189775558e-24
5.265797485860873195e+01 5.971156372983478153e-24
5.288604510002626569e+01 5.926087397748140077e-24
5.311510315070079713e+01 5.881520075515975132e-24
5.334515328899465914e+01 5.837450152222277884e-24
5.357619981180044988e+01 5.793873400229819383e-24
5.380824703462131708e+01 5.750785617858570078e-24
5.404129929165155488e+01 5.708182628920929921e-24
5.427536093585755594e+01 5.666060282262637582e-24
5.451043633905910468e+01 5.624414451309523331e-24
5.474652989201107545e+01 5.583241033620246667e-24
5.498364600448537942e+01 5.542535950445268469e-24
5.522178910535339469e+01 5.502295146292140694e-24
5.546096364266865208e+01 5.462514588497364151e-24
5.570117408374991186e+01 5.423190266804947332e-24
5.594242491526463823e+01 5.384318192951865383e-24
5.618472064331276528e+01 5.345894400260613197e-24
5.642806579351088914e+01 5.307914943238972360e-24
5.667246491107677286e+01 5.270375897187262326e-24
5.691792256091426339e+01 5.233273357813166918e-24
5.716444332769855663e+01 5.196603440854367581e-24
5.741203181596180372e+01 5.160362281709150892e-24
5.766069265017914347e+01 5.124546035075143884e-24
5.791043047485506889e+01 5.089150874596371130e-24
5.816124995461017022e+01 5.054172992518802576e-24
5.841315577426826877e+01 5.019608599354549331e-24
5.866615263894392029e+01 4.985453923554858038e-24
5.892024527413029489e+01 4.951705211192116142e-24
5.917543842578744062e+01 4.918358725650945199e-24
5.943173686043093085e+01 4.885410747328612917e-24
5.968914536522088810e+01 4.852857573344841069e-24
5.994766874805141299e+01 4.820695517261192217e-24
6.020731183764036132e+01 4.788920908810155730e-24
6.046807948361956164e+01 4.757530093634055065e-24
6.072997655662538108e+01 4.726519433033897519e-24
6.099300794838970319e+01 4.695885303728285479e-24
6.125717857183130377e+01 4.665624097622499376e-24
6.152249336114759615e+01 4.635732221587814047e-24
6.178895727190681697e+01 4.606206097251187369e-24
6.205657528114056021e+01 4.577042160795364504e-24
6.232535238743675876e+01 4.548236862769477106e-24
6.259529361103304979e+01 4.519786667910191123e-24
6.286640399391052370e+01 4.491688054973472250e-24
6.313868859988790661e+01 4.463937516576994009e-24
6.341215251471616199e+01 4.436531559053194349e-24
6.368680084617347603e+01 4.409466702313059356e-24
6.396263872416055563e+01 4.382739479720584868e-24
6.423967130079672927e+01 4.356346437977904224e-24
6.451790375051577087e+01 4.330284137021155632e-24
6.479734127016297407e+01 4.304549149926915020e-24
6.507798907909182162e+01 4.279138062829313399e-24
6.535985241926186973e+01 4.254047474847627882e-24
6.564293655533620608e+01 4.229273998024444066e-24
6.592724677478031481e+01 4.204814257274141466e-24
6.621278838796024502e+01 4.180664890341782799e-24
6.649956672824241366e+01 4.156822547772136773e-24
6.678758715209261254e+01 4.133283892888897548e-24
6.707685503917664960e+01 4.110045601783784232e-24
6.736737579246025120e+01 4.087104363315567424e-24
6.765915483831055610e+01 4.064456879118697344e-24
6.795219762659687035e+01 4.042099863621543828e-24
6.824650963079309918e+01 4.020030044073891881e-24
6.854209634807932616e+01 3.998244160583691299e-24
6.883896329944512615e+01 3.976738966162682015e-24
6.913711602979208237e+01 3.955511226780859160e-24
6.943656010803792356e+01 3.934557721429394339e-24
6.973730112721997898e+01 3.913875242191938175e-24
7.003934470460023931e+01 3.893460594323916958e-24
7.034269648176966427e+01 3.873310596339714650e-24
7.064736212475416721e+01 3.853422080107345000e-24
7.095334732411981804e+01 3.833791890950485917e-24
7.126065779507975151e+01 3.814416887757449272e-24
7.156929927760036492e+01 3.795293943096961209e-24
7.187927753650903639e+01 3.776419943340309971e-24
7.219059836160126054e+01 3.757791788789698859e-24
7.250326756774936143e+01 3.739406393812379691e-24
7.281729099501056623e+01 3.721260686980375735e-24
7.313267450873659925e+01 3.703351611215346691e-24
7.344942399968266500e+01 3.685676123938434834e-24
7.376754538411813655e+01 3.668231197224591261e-24
7.408704460393634861e+01 3.651013817961241178e-24
7.440792762676628058e+01 3.634020988010776160e-24
7.473020044608338708e+01 3.617249724376714681e-24
7.505386908132210522e+01 3.600697059373051916e-24
7.537893957798775091e+01 3.584360040796590886e-24
7.570541800776999253e+01 3.568235732101795770e-24
7.603331046865567089e+01 3.552321212577980050e-24
7.636262308504329610e+01 3.536613577528340173e-24
7.669336200785686231e+01 3.521109938450658426e-24
7.702553341466128245e+01 3.505807423219216562e-24
7.735914350977724041e+01 3.490703176267699045e-24
7.769419852439762053e+01 3.475794358772681844e-24
7.803070471670329766e+01 3.461078148837473869e-24
7.836866837198070357e+01 3.446551741675901110e-24
7.870809580273849804e+01 3.432212349795840236e-24
7.904899334882618689e+01 3.418057203182079971e-24
7.939136737755187312e+01 3.404083549478336108e-24
7.973522428380181282e+01 3.390288654168013884e-24
8.008057049015924633e+01 3.376669800753556098e-24
8.042741244702497738e+01 3.363224290933982425e-24
8.077575663273722739e+01 3.349949444780473008e-24
8.112560955369328042e+01 3.336842600909626778e-24
8.147697774447033225e+01 3.323901116654256374e-24
8.182986776794825801e+01 3.311122368231369221e-24
8.218428621543148438e+01 3.298503750907214654e-24
8.254023970677276623e+01 3.286042679159074185e-24
8.289773489049619570e+01 3.273736586833677734e-24
8.325677844392205884e+01 3.261582927301957459e-24
8.361737707329081104e+01 3.249579173610039269e-24
8.397953751388912735e+01 3.237722818626196890e-24
8.434326653017491537e+01 3.226011375183698297e-24
8.470857091590438870e+01 3.214442376219291076e-24
8.507545749425831616e+01 3.203013374907262412e-24
8.544393311797009005e+01 3.191721944788866892e-24
8.581400466945306960e+01 3.180565679897065191e-24
8.618567906092978603e+01 3.169542194876378581e-24
8.655896323456040875e+01 3.158649125097847131e-24
8.693386416257307303e+01 3.147884126768906104e-24
8.731038884739339778e+01 3.137244877038183484e-24
8.768854432177603542e+01 3.126729074095066554e-24
8.806833764893525540e+01 3.116334437264058452e-24
8.844977592267760258e+01 3.106058707093791019e-24
8.883286626753371706e+01 3.095899645440732852e-24
8.921761583889210101e+01 3.085855035547489714e-24
8.960403182313201853e+01 3.075922682115747269e-24
8.999212143775851303e+01 3.066100411373776781e-24
9.038189193153638712e+01 3.056386071138573216e-24
9.077335058462644213e+01 3.046777530872561090e-24
9.116650470872066592e+01 3.037272681734962835e-24
9.156136164717950976e+01 3.027869436627779364e-24
9.195792877516835517e+01 3.018565730236497443e-24
9.235621349979602712e+01 3.009359519065483821e-24
9.275622326025231246e+01 3.000248781468206090e-24
9.315796552794775209e+01 2.991231517672252350e-24
9.356144780665238159e+01 2.982305749799298446e-24
9.396667763263667439e+01 2.973469521880030502e-24
9.437366257481158982e+01 2.964720899864152790e-24
9.478241023487044004e+01 2.956057971625537859e-24
9.519292824743067172e+01 2.947478846962632085e-24
9.560522428017648622e+01 2.938981657594206625e-24
9.601930603400208497e+01 2.930564557150567287e-24
9.643518124315549755e+01 2.922225721160330960e-24
9.685285767538300661e+01 2.913963347032886866e-24
9.727234313207431171e+01 2.905775654036664609e-24
9.769364544840816222e+01 2.897660883273338321e-24
9.811677249349874330e+01 2.889617297648089222e-24
9.854173217054265876e+01 2.881643181836072813e-24
9.896853241696655346e+01 2.873736842245218881e-24
9.939718120457534667e+01 2.865896606975514953e-24
9.982768653970110506e+01 2.858120825774910926e-24
1.002600564633527398e+02 2.850407869991993299e-24
1.006942990513658174e+02 2.842756132525591365e-24
1.011304224145539337e+02 2.835164027771443927e-24
1.015684346988599316e+02 2.827629991566108014e-24
1.020083440855078578e+02 2.820152481128253961e-24
1.024501587911559568e+02 2.812729974997503334e-24
1.028938870680503896e+02 2.805360972970963256e-24
1.033395372041791092e+02 2.798043996037645576e-24
1.037871175234264740e+02 2.790777586310907536e-24
1.042366363857289713e+02 2.783560306959075564e-24
1.046881021872314932e+02 2.776390742134436599e-24
1.051415233604440544e+02 2.769267496900739845e-24
1.055969083743990069e+02 2.762189197159396661e-24
1.060542657348094195e+02 2.755154489574513414e-24
1.065136039842282543e+02 2.748162041496941314e-24
1.069749317022076269e+02 2.741210540887510761e-24
1.074382575054588784e+02 2.734298696239605199e-24
1.079035900480137400e+02 2.727425236501235399e-24
1.083709380213861522e+02 2.720588910996780916e-24
1.088403101547344249e+02 2.713788489348570294e-24
1.093117152150240514e+02 2.707022761398454284e-24
1.097851620071916869e+02 2.700290537129520493e-24
1.102606593743097960e+02 2.693590646588129456e-24
1.107382161977516546e+02 2.686921939806426047e-24
1.112178413973569491e+02 2.680283286725478682e-24
1.116995439315986829e+02 2.673673577119201687e-24
1.121833327977506372e+02 2.667091720519221378e-24
1.126692170320553146e+02 2.660536646140843790e-24
1.131572057098923381e+02 2.654007302810273579e-24
1.136473079459483557e+02 2.647502658893224779e-24
1.141395328943873722e+02 2.641021702225090931e-24
1.146338897490216198e+02 2.634563440042819670e-24
1.151303877434829275e+02 2.628126898918632480e-24
1.156290361513955247e+02 2.621711124695742418e-24
1.161298442865494565e+02 2.615315182426203888e-24
1.166328215030742683e+02 2.608938156311061614e-24
1.171379771956135727e+02 2.602579149642917823e-24
1.176453207995006522e+02 2.596237284751066778e-24
1.181548617909350298e+02 2.589911702949332954e-24
1.186666096871591662e+02 2.583601564486761253e-24
1.191805740466360390e+02 2.577306048501291139e-24
1.196967644692278299e+02 2.571024352976535545e-24
1.202151905963755496e+02 2.564755694701817376e-24
1.207358621112788910e+02 2.558499309235594366e-24
1.212587887390767492e+02 2.552254450872397198e-24
1.217839802470292057e+02 2.546020392613409452e-24
1.223114464447001950e+02 2.539796426140823095e-24
1.228411971841404267e+02 2.533581861796099914e-24
1.233732423600712451e+02 2.527376028562265635e-24
1.239075919100695984e+02 2.521178274050354270e-24
1.244442558147539444e+02 2.514987964490125014e-24
1.249832440979704558e+02 2.508804484725199374e-24
1.255245668269799211e+02 2.502627238212712561e-24
1.260682341126460813e+02 2.496455647027613965e-24
1.266142561096247476e+02 2.490289151871733150e-24
1.271626430165531616e+02 2.484127212087732978e-24
1.277134050762402921e+02 2.477969305678076572e-24
1.282665525758583556e+02 2.471814929329103648e-24
1.288220958471352162e+02 2.465663598440348446e-24
1.293800452665472278e+02 2.459514847159215711e-24
1.299404112555125437e+02 2.453368228421133373e-24
1.305032042805863171e+02 2.447223313995264220e-24
1.310684348536562140e+02 2.441079694535935979e-24
1.316361135321386371e+02 2.434936979639862911e-24
1.322062509191755737e+02 2.428794797909299246e-24
1.327788576638329801e+02 2.422652797021200859e-24
1.333539444612999034e+02 2.416510643802536996e-24
1.339315220530879742e+02 2.410368024311836513e-24
1.345116012272318073e+02 2.404224643927090247e-24
1.350941928184907681e+02 2.398080227440102436e-24
1.356793077085515051e+02 2.391934519157392949e-24
1.362669568262311088e+02 2.385787283007773757e-24
1.368571511476808666e+02 2.379638302656676405e-24
1.374499016965915246e+02 2.373487381627339977e-24
1.380452195443995151e+02 2.367334343428953933e-24
1.386431158104934411e+02 2.361179031691855392e-24
1.392436016624215824e+02 2.355021310309877086e-24
1.398466883161005967e+02 2.348861063589923511e-24
1.404523870360253852e+02 2.342698196408872235e-24
1.410607091354792715e+02 2.336532634377892215e-24
1.416716659767449187e+02 2.330364324014259925e-24
1.422852689713168672e+02 2.324193232920741271e-24
1.429015295801149819e+02 2.318019349972626694e-24
1.435204593136982965e+02 2.311842685512499932e-24
1.441420697324795981e+02 2.305663271552796272e-24
1.447663724469416593e+02 2.299481161986219341e-24
1.453933791178545505e+02 2.293296432804076694e-24
1.460231014564929239e+02 2.287109182322592596e-24
1.466555512248546336e+02 2.280919531417252008e-24
1.472907402358805768e+02 2.274727623765205151e-24
1.479286803536759862e+02 2.268533626095773805e-24
1.485693834937307543e+02 2.262337728449116633e-24
1.492128616231433682e+02 2.256140144443025258e-24
1.498591267608430826e+02 2.249941111547926024e-24
1.505081909778157581e+02 2.243740891370033809e-24
1.511600663973280518e+02 2.237539769942713729e-24
1.518147651951549904e+02 2.231338058025983140e-24
1.524722995998063482e+02 2.225136091414176710e-24
1.531326818927560964e+02 2.218934231251700370e-24
1.537959244086706860e+02 2.212732864356861269e-24
1.544620395356406277e+02 2.206532403553679340e-24
1.551310397154106226e+02 2.200333288011638965e-24
1.558029374436132741e+02 2.194135983593249962e-24
1.564777452700010656e+02 2.187940983209363890e-24
1.571554757986822324e+02 2.181748807182058343e-24
1.578361416883547577e+02 2.175560003615009507e-24
1.585197556525441769e+02 2.169375148771133673e-24
1.592063304598396485e+02 2.163194847457371361e-24
1.598958789341339184e+02 2.157019733416344769e-24
1.605884139548613518e+02 2.150850469724727664e-24
1.612839484572399726e+02 2.144687749198007030e-24
1.619824954325116266e+02 2.138532294801417889e-24
1.626840679281859821e+02 2.132384860066685438e-24
1.633886790482829667e+02 2.126246229514286863e-24
1.640963419535788148e+02 2.120117219080815904e-24
1.648070698618504935e+02 2.113998676551097882e-24
1.655208760481240517e+02 2.107891481994560019e-24
1.662377738449211506e+02 2.101796548205443054e-24
1.669577766425093728e+02 2.095714821146287339e-24
1.676808978891511117e+02 2.089647280394183193e-24
1.684071510913560417e+02 2.083594939589156606e-24
1.691365498141320529e+02 2.077558846884080522e-24
1.698691076812399103e+02 2.071540085395397573e-24
1.706048383754464908e+02 2.065539773653943104e-24
1.713437556387816016e+02 2.059559066055067671e-24
1.720858732727933216e+02 2.053599153307235810e-24
1.728312051388071779e+02 2.047661262878188956e-24
1.735797651581836476e+02 2.041746659437754905e-24
1.743315673125796081e+02 2.035856645296256872e-24
1.750866256442080271e+02 2.029992560837502803e-24
1.758449542561016870e+02 2.024155784945171333e-24
1.766065673123752049e+02 2.018347735421454921e-24
1.773714790384910032e+02 2.012569869396647259e-24
1.781397037215235173e+02 2.006823683728397361e-24
1.789112557104275822e+02 2.001110715389183354e-24
1.796861494163049713e+02 1.995432541840585477e-24
1.804643993126750274e+02 1.989790781392772084e-24
1.812460199357434476e+02 1.984187093547635265e-24
1.820310258846753868e+02 1.978623179323833400e-24
1.828194318218666297e+02 1.973100781562037285e-24
1.836112524732188831e+02 1.967621685208494270e-24
1.844065026284133921e+02 1.962187717575044304e-24
1.852051971411886768e+02 1.956800748573561626e-24
1.860073509296164502e+02 1.951462690922812388e-24
1.868129789763817712e+02 1.946175500325553529e-24
1.876220963290613781e+02 1.940941175613716613e-24
1.884347181004062861e+02 1.935761758859376701e-24
1.892508594686224797e+02 1.930639335449208899e-24
1.900705356776560677e+02 1.925576034120003344e-24
1.908937620374762787e+02 1.920574026952836594e-24
1.917205539243632018e+02 1.915635529323343071e-24
1.925509267811932546e+02 1.910762799805601132e-24
1.933848961177292267e+02 1.905958140026980091e-24
1.942224775109084476e+02 1.901223894471386340e-24
1.950636866051352740e+02 1.896562450228208979e-24
1.959085391125717308e+02 1.891976236684344339e-24
1.967570508134325848e+02 1.887467725156586570e-24
1.976092375562784014e+02 1.883039428461753032e-24
1.984651152583133751e+02 1.878693900421856274e-24
1.993246999056807169e+02 1.874433735301727334e-24
2.001880075537631853e+02 1.870261567176473409e-24
2.010550543274811162e+02 1.866180069226270880e-24
2.019258564215953129e+02 1.862191952955996856e-24
2.028004301010081178e+02 1.858299967337370660e-24
2.036787917010678086e+02 1.854506897871288802e-24
2.045609576278741315e+02 1.850815565568239751e-24
2.054469443585842896e+02 1.847228825844777756e-24
2.063367684417203236e+02 1.843749567334214966e-24
2.072304464974786526e+02 1.840380710609860081e-24
2.081279952180407804e+02 1.837125206819338928e-24
2.090294313678848539e+02 1.833986036228769324e-24
2.099347717840982739e+02 1.830966206675771571e-24
2.108440333766925789e+02 1.828068751930596434e-24
2.117572331289196654e+02 1.825296729964912167e-24
2.126743880975888032e+02 1.822653221128129714e-24
2.135955154133845326e+02 1.820141326231438757e-24
2.145206322811871757e+02 1.817764164540104507e-24
2.154497559803946842e+02 1.815524871674931105e-24
2.163829038652448276e+02 1.813426597424184319e-24
2.173200933651390017e+02 1.811472503467683500e-24
2.182613419849681122e+02 1.809665761015159965e-24
2.192066673054401065e+02 1.808009548361456863e-24
2.201560869834077891e+02 1.806507048361542704e-24
2.211096187521982301e+02 1.805161445828808072e-24
2.220672804219443890e+02 1.803975924860534967e-24
2.230290898799182742e+02 1.802953666094916364e-24
2.239950650908646139e+02 1.802097843904466844e-24
2.249652240973358630e+02 1.801411623531109962e-24
2.259395850200296820e+02 1.800898158168694943e-24
2.269181660581279516e+02 1.800560585999140859e-24
2.279009854896360707e+02 1.800402027188827053e-24
2.288880616717240741e+02 1.800425580852276171e-24
2.298794130410697960e+02 1.800634321990550105e-24
2.308750581142038527e+02 1.801031298412161191e-24
2.318750154878549665e+02 1.801619527644626479e-24
2.328793038392967389e+02 1.802401993845100696e-24
2.338879419266972093e+02 1.803381644718788790e-24
2.349009485894694933e+02 1.804561388454057469e-24
2.359183427486232461e+02 1.805944090683360592e-24
2.369401434071176595e+02 1.807532571479199809e-24
2.379663696502168193e+02 1.809329602394464149e-24
2.389970406458466243e+02 1.811337903556479046e-24
2.400321756449524742e+02 1.813560140824115495e-24
2.410717939818581215e+02 1.815998923017185872e-24
2.421159150746275088e+02 1.818656799227268808e-24
2.431645584254278276e+02 1.821536256218868609e-24
2.442177436208933159e+02 1.824639715929581783e-24
2.452754903324906763e+02 1.827969533077651229e-24
2.463378183168867963e+02 1.831527992884907308e-24
2.474047474163185427e+02 1.835317308922693551e-24
2.484762975589626137e+02 1.839339621087904892e-24
2.495524887593074368e+02 1.843596993715755366e-24
2.506333411185274258e+02 1.848091413835347063e-24
2.517188748248589718e+02 1.852824789573500880e-24
2.528091101539769454e+02 1.857798948711680348e-24
2.539040674693730182e+02 1.863015637400189631e-24
2.550037672227363998e+02 1.868476519033117427e-24
2.561082299543363661e+02 1.874183173286824473e-24
2.572174762934055821e+02 1.880137095323998312e-24
2.583315269585245915e+02 1.886339695164604032e-24
2.594504027580094885e+02 1.892792297224324931e-24
2.605741245903012668e+02 1.899496140020331875e-24
2.617027134443551972e+02 1.906452376043503025e-24
2.628361904000328195e+02 1.913662071795503699e-24
2.639745766284958677e+02 1.921126207988469073e-24
2.651178933926023547e+02 1.928845679904323409e-24
2.662661620473031689e+02 1.936821297910148744e-24
2.674194040400405470e+02 1.945053788125428172e-24
2.685776409111488761e+02 1.953543793236391599e-24
2.697408942942579984e+02 1.962291873452202522e-24
2.709091859166962877e+02 1.971298507597179254e-24
2.720825375998963409e+02 1.980564094332882933e-24
2.732609712598028864e+02 1.990088953503460159e-24
2.744445089072826249e+02 1.999873327597325395e-24
2.756331726485350373e+02 2.009917383317933667e-24
2.768269846855043852e+02 2.020221213256203761e-24
2.780259673162954641e+02 2.030784837656958565e-24
2.792301429355900382e+02 2.041608206271575796e-24
2.804395340350650372e+02 2.052691200288988734e-24
2.816541632038118905e+02 2.064033634337121105e-24
2.828740531287590443e+02 2.075635258546862679e-24
2.840992265950963542e+02 2.087495760670728855e-24
2.853297064866999904e+02 2.099614768248408519e-24
2.865655157865592173e+02 2.111991850811589205e-24
2.878066775772065284e+02 2.124626522120591140e-24
2.890532150411491443e+02 2.137518242425514372e-24
2.903051514613014206e+02 2.150666420744846784e-24
2.915625102214193589e+02 2.164070417154734563e-24
2.928253148065376195e+02 2.177729545082409880e-24
2.940935888034090340e+02 2.191643073597532807e-24
2.953673559009446308e+02 2.205810229695514155e-24
2.966466398906550808e+02 2.220230200567230130e-24
2.979314646670961793e+02 2.234902135849903359e-24
2.992218542283154648e+02 2.249825149854199640e-24
3.005178326762998609e+02 2.264998323762963665e-24
3.018194242174253645e+02 2.280420707797393202e-24
3.031266531629097472e+02 2.296091323346783961e-24
3.044395439292670744e+02 2.312009165058308390e-24
3.057581210387635338e+02 2.328173202883638401e-24
3.070824091198743986e+02 2.344582384079563285e-24
3.084124329077449147e+02 2.361235635160103792e-24
3.097482172446530058e+02 2.378131863797910984e-24
3.110897870804724334e+02 2.395269960673023129e-24
3.124371674731382882e+02 2.412648801267401468e-24
3.137903835891156632e+02 2.430267247603946263e-24
3.151494607038703180e+02 2.448124149928912440e-24
3.165144242023401944e+02 2.466218348336935754e-24
3.178852995794088656e+02 2.484548674338098632e-24
3.192621124403823387e+02 2.503113952366755416e-24
3.206448885014681309e+02 2.521913001231961990e-24
3.220336535902546871e+02 2.540944635509568549e-24
3.234284336461933549e+02 2.560207666876277495e-24
3.248292547210834869e+02 2.579700905386069762e-24
3.262361429795595882e+02 2.599423160689596911e-24
3.276491246995794882e+02 2.619373243197220379e-24
3.290682262729144441e+02 2.639549965186565562e-24
3.304934742056428263e+02 2.659952141855559044e-24
3.319248951186456793e+02 2.680578592321985971e-24
3.333625157481034762e+02 2.701428140570708178e-24
3.348063629459948061e+02 2.722499616349754917e-24
3.362564636805984719e+02 2.743791856016608260e-24
3.377128450369979760e+02 2.765303703336003037e-24
3.391755342175866872e+02 2.787034010230603034e-24
3.406445585425752824e+02 2.808981637486004834e-24
3.421199454505027688e+02 2.831145455411531682e-24
3.436017224987494956e+02 2.853524344458276086e-24
3.450899173640514164e+02 2.876117195795862366e-24
3.465845578430161709e+02 2.898922911849431945e-24
3.480856718526430313e+02 2.921940406798381719e-24
3.495932874308450096e+02 2.945168607038305060e-24
3.511074327369719299e+02 2.968606451607630135e-24
3.526281360523355488e+02 2.992252892580392246e-24
3.541554257807385966e+02 3.016106895426670890e-24
3.556893304490060927e+02 3.040167439342049228e-24
3.572298787075172868e+02 3.064433517547507678e-24
3.587770993307401000e+02 3.088904137561127675e-24
3.603310212177694893e+02 3.113578321442999311e-24
3.618916733928676877e+02 3.138455106014602009e-24
3.634590850060057505e+02 3.163533543053928865e-24
3.650332853334073206e+02 3.188812699467623110e-24
3.666143037780960299e+02 3.214291657441355057e-24
3.682021698704455730e+02 3.239969514569592635e-24
3.697969132687305773e+02 3.265845383965881500e-24
3.713985637596795186e+02 3.291918394354745544e-24
3.730071512590321845e+02 3.318187690146307279e-24
3.746227058120989568e+02 3.344652431494605215e-24
3.762452575943215152e+02 3.371311794340584626e-24
3.778748369118353025e+02 3.398164970440720468e-24
3.795114742020365952e+02 3.425211167382208076e-24
3.811552000341519033e+02 3.452449608585568352e-24
3.828060451098077692e+02 3.479879533295464213e-24
3.844640402636039767e+02 3.507500196560573193e-24
3.861292164636897724e+02 3.535310869203278051e-24
3.878016048123432711e+02 3.563310837779890252e-24
3.894812365465516564e+02 3.591499404532082943e-24
3.911681430385938256e+02 3.619875887330193926e-24
3.928623557966271278e+02 3.648439619609077459e-24
3.945639064652764887e+02 3.677189950297072071e-24
3.962728268262249571e+02 3.706126243738606019e-24
3.979891487988065251e+02 3.735247879611042810e-24
3.997129044406027560e+02 3.764554252836252440e-24
4.014441259480427675e+02 3.794044773487424811e-24
4.031828456570036678e+02 3.823718866691502968e-24
4.049290960434136650e+02 3.853575972527723241e-24
4.066829097238593818e+02 3.883615545922689883e-24
4.084443194561960695e+02 3.913837056542342735e-24
4.102133581401585616e+02 3.944239988681150716e-24
4.119900588179750685e+02 3.974823841148903641e-24
4.137744546749848951e+02 4.005588127155432953e-24
4.155665790402592847e+02 4.036532374193570694e-24
4.173664653872232293e+02 4.067656123920557551e-24
4.191741473342796667e+02 4.098958932038229126e-24
4.209896586454382259e+02 4.130440368172219197e-24
4.228130332309468145e+02 4.162100015750426094e-24
4.246443051479242285e+02 4.193937471880888382e-24
4.264835086009952079e+02 4.225952347229317457e-24
4.283306779429303788e+02 4.258144265896521398e-24
4.301858476752885281e+02 4.290512865295804586e-24
4.320490524490604116e+02 4.323057796030562735e-24
4.339203270653149502e+02 4.355778721772164464e-24
4.357997064758502006e+02 4.388675319138347137e-24
4.376872257838468272e+02 4.421747277572190169e-24
4.395829202445232227e+02 4.454994299221785549e-24
4.414868252657930725e+02 4.488416098820689329e-24
4.433989764089271830e+02 4.522012403569346568e-24
4.453194093892196292e+02 4.555782953017511778e-24
4.472481600766517431e+02 4.589727498947680290e-24
4.491852644965636046e+02 4.623845805259755361e-24
4.511307588303276930e+02 4.658137647856923100e-24
4.530846794160241302e+02 4.692602814532791788e-24
4.550470627491179698e+02 4.727241104859850688e-24
4.570179454831422845e+02 4.762052330079362955e-24
4.589973644303833566e+02 4.797036312992686782e-24
4.609853565625674037e+02 4.832192887854006389e-24
4.629819590115504298e+02 4.867521900264597785e-24
4.649872090700123977e+02 4.903023207068615308e-24
4.670011441921549249e+02 4.938696676250454810e-24
4.690238019943998324e+02 4.974542186833631020e-24
4.710552202560908768e+02 5.010559628781257987e-24
4.730954369202001999e+02 5.046748902898134075e-24
4.751444900940381331e+02 5.083109920734459422e-24
4.772024180499639670e+02 5.119642604491113143e-24
4.792692592260997912e+02 5.156346886926540210e-24
4.813450522270495071e+02 5.193222711265316363e-24
4.834298358246206817e+02 5.230270031108280833e-24
4.855236489585480513e+02 5.267488810344289773e-24
4.876265307372195821e+02 5.304879023063543392e-24
4.897385204384079884e+02 5.342440653472549951e-24
4.918596575100053769e+02 5.380173695810692122e-24
4.939899815707591983e+02 5.418078154268311187e-24
4.961295324110110982e+02 5.456154042906367882e-24
4.982783499934410543e+02 5.494401385577687209e-24
5.004364744538150376e+02 5.532820215849731402e-24
5.026039461017334133e+02 5.571410576928868697e-24
5.047808054213830928e+02 5.610172521586130585e-24
5.069670930722944604e+02 5.649106112084497929e-24
5.091628498901019952e+02 5.688211420107647644e-24
5.113681168873060301e+02 5.727488526690122452e-24
5.135829352540374657e+02 5.766937522148904623e-24
5.158073463588285676e+02 5.806558506016464225e-24
5.180413917493863210e+02 5.846351586975159925e-24
5.202851131533676607e+02 5.886316882793001165e-24
5.225385524791577154e+02 5.926454520260732025e-24
5.248017518166535638e+02 5.966764635130280877e-24
5.270747534380515162e+02 6.007247372054508213e-24
5.293575997986358743e+02 6.047902884528224011e-24
5.316503335375703045e+02 6.088731334830398969e-24
5.339529974786958064e+02 6.129732893967721669e-24
5.362656346313314089e+02 6.170907741619316548e-24
5.385882881910763444e+02 6.212256066082631487e-24
5.409210015406162029e+02 6.253778064220513380e-24
5.432638182505337454e+02 6.295473941409422467e-24
5.456167820801242669e+02 6.337343911488825829e-24
5.479799369782117537e+02 6.379388196711612104e-24
5.503533270839682245e+02 6.421607027695614092e-24
5.527369967277401201e+02 6.464000643376221645e-24
5.551309904318765120e+02 6.506569290960028251e-24
5.575353529115602669e+02 6.549313225879470172e-24
5.599501290756415983e+02 6.592232711748447128e-24
5.623753640274784402e+02 6.635328020318986228e-24
5.648111030657797755e+02 6.678599431438825724e-24
5.672573916854506706e+02 6.722047233009936959e-24
5.697142755784408337e+02 6.765671720947920590e-24
5.721818006345991989e+02 6.809473199142391689e-24
5.746600129425323757e+02 6.853451979418198722e-24
5.771489587904638938e+02 6.897608381497485931e-24
5.796486846670984505e+02 6.941942732962610898e-24
5.821592372624903646e+02 6.986455369219892303e-24
5.846806634689177145e+02 7.031146633464196681e-24
5.872130103817564759e+02 7.076016876644261343e-24
5.897563253003589807e+02 7.121066457428778424e-24
5.923106557289391958e+02 7.166295742173325286e-24
5.948760493774602764e+02 7.211705104887959083e-24
5.974525541625254164e+02 7.257294927205554815e-24
6.000402182082707441e+02 7.303065598350835463e-24
6.026390898472661775e+02 7.349017515110126517e-24
6.052492176214188930e+02 7.395151081801799643e-24
6.078706502828790690e+02 7.441466710247334950e-24
6.105034367949490388e+02 7.487964819743040062e-24
6.131476263329992662e+02 7.534645837032424537e-24
6.158032682853876167e+02 7.581510196279234020e-24
6.184704122543815856e+02 7.628558339041026607e-24
6.211491080570822305e+02 7.675790714243325185e-24
6.238394057263570858e+02 7.723207778154463331e-24
6.265413555117750093e+02 7.770809994360919025e-24
6.292550078805443263e+02 7.818597833743239062e-24
6.319804135184533607e+02 7.866571774452455692e-24
6.347176233308190376e+02 7.914732301887117463e-24
6.374666884434386702e+02 7.963079908670835810e-24
6.402276602035439055e+02 8.011615094630303308e-24
6.430005901807579676e+02 8.060338366773804169e-24
6.457855301680607454e+02 8.109250239270290441e-24
6.485825321827571770e+02 8.158351233428916651e-24
6.513916484674474532e+02 8.207641877679024074e-24
6.542129314910019957e+02 8.257122707550579042e-24
6.570464339495420063e+02 8.306794265655119645e-24
6.598922087674258137e+02 8.356657101667149126e-24
6.627503090982353342e+02 8.406711772305912783e-24
6.656207883257684443e+02 8.456958841317637715e-24
6.685037000650365826e+02 8.507398879458206036e-24
6.713990981632679222e+02 8.558032464476257144e-24
6.743070367009116808e+02 8.608860181096672029e-24
6.772275699926472043e+02 8.659882621004426381e-24
6.801607525883990775e+02 8.711100382828900685e-24
6.831066392743582583e+02 8.762514072128585571e-24
6.860652850740034410e+02 8.814124301376106010e-24
6.890367452491274207e+02 8.865931689943623151e-24
6.920210753008708480e+02 8.917936864088662259e-24
6.950183309707605304e+02 8.970140456940300664e-24
6.980285682417485305e+02 9.022543108485643694e-24
7.010518433392567204e+02 9.075145465556673834e-24
7.040882127322288397e+02 9.127948181817508366e-24
7.071377331341857371e+02 9.180951917751943537e-24
7.102004615042839077e+02 9.234157340651345499e-24
7.132764550483778976e+02 9.287565124602832181e-24
7.163657712200899823e+02 9.341175950477854833e-24
7.194684677218847355e+02 9.394990505921080786e-24
7.225846025061457567e+02 9.449009485339559803e-24
7.257142337762561510e+02 9.503233589892196059e-24
7.288574199876873081e+02 9.557663527479574233e-24
7.320142198490924557e+02 9.612300012734113280e-24
7.351846923234013502e+02 9.667143767010436189e-24
7.383688966289204245e+02 9.722195518376073293e-24
7.415668922404398700e+02 9.777456001602471206e-24
7.447787388903468582e+02 9.832925958156350002e-24
7.480044965697387624e+02 9.888606136191226433e-24
7.512442255295430869e+02 9.944497290539288320e-24
7.544979862816434206e+02 1.000060018270354519e-23
7.577658396000121002e+02 1.005691558085031100e-23
7.610478465218430983e+02 1.011344425980186462e-23
7.643440683486908256e+02 1.017018700102941159e-23
7.676545666476171164e+02 1.022714459264637202e-23
7.709794032523417400e+02 1.028431782940190659e-23
7.743186402643967767e+02 1.034170751267469962e-23
7.776723400542842910e+02 1.039931445046696404e-23
7.810405652626432129e+02 1.045713945739879761e-23
7.844233788014208812e+02 1.051518335470276382e-23
7.878208438550464052e+02 1.057344697021871534e-23
7.912330238816094834e+02 1.063193113838884667e-23
7.946599826140469531e+02 1.069063670025306414e-23
7.981017840613350245e+02 1.074956450344459102e-23
8.015584925096831057e+02 1.080871540218581513e-23
8.050301725237330857e+02 1.086809025728434061e-23
8.085168889477668017e+02 1.092768993612935124e-23
8.120187069069187373e+02 1.098751531268823825e-23
8.155356918083909932e+02 1.104756726750340297e-23
8.190679093426733743e+02 1.110784668768932105e-23
8.226154254847715492e+02 1.116835446692985789e-23
8.261783064954415750e+02 1.122909150547590298e-23
8.297566189224254458e+02 1.129005871014310268e-23
8.333504296016927810e+02 1.135125699430990739e-23
8.369598056586902430e+02 1.141268727791586419e-23
8.405848145095978907e+02 1.147435048746016799e-23
8.442255238625857601e+02 1.153624755600038323e-23
8.478820017190776070e+02 1.159837942315141236e-23
8.515543163750221538e+02 1.166074703508474060e-23
8.552425364221707014e+02 1.172335134452792163e-23
8.589467307493569024e+02 1.178619331076426465e-23
8.626669685437809676e+02 1.184927389963269769e-23
8.664033192923043316e+02 1.191259408352796016e-23
8.701558527827490934e+02 1.197615484140104357e-23
8.739246391051995033e+02 1.203995715875974412e-23
8.777097486533099300e+02 1.210400202766950748e-23
8.815112521256207856e+02 1.216829044675451473e-23
8.853292205268812722e+02 1.223282342119904296e-23
8.891637251693737198e+02 1.229760196274894934e-23
8.930148376742436085e+02 1.236262708971340350e-23
8.968826299728394815e+02 1.242789982696692261e-23
9.007671743080576334e+02 1.249342120595160336e-23
9.046685432356905494e+02 1.255919226467954785e-23
9.085868096257795514e+02 1.262521404773549527e-23
9.125220466639779033e+02 1.269148760627974153e-23
9.164743278529197141e+02 1.275801399805131451e-23
9.204437270135910012e+02 1.282479428737126259e-23
9.244303182867065516e+02 1.289182954514623102e-23
9.284341761340965604e+02 1.295912084887225146e-23
9.324553753400996357e+02 1.302666928263882386e-23
9.364939910129572809e+02 1.309447593713312329e-23
9.405500985862149719e+02 1.316254190964443300e-23
9.446237738201334651e+02 1.323086830406888018e-23
9.487150928031052217e+02 1.329945623091438777e-23
9.528241319530737883e+02 1.336830680730577167e-23
9.569509680189595429e+02 1.343742115699009218e-23
9.610956780820948779e+02 1.350680041034226553e-23
9.652583395576656358e+02 1.357644570437090165e-23
9.694390301961557270e+02 1.364635818272433448e-23
9.736378280847967517e+02 1.371653899569680215e-23
9.778548116490291022e+02 1.378698930023501499e-23
9.820900596539684102e+02 1.385771025994486181e-23
9.863436512058746075e+02 1.392870304509829234e-23
9.906156657536278090e+02 1.399996883264047016e-23
9.949061830902141992e+02 1.407150880619714599e-23
9.992152833542183998e+02 1.414332415608230132e-23
1.003543047031317997e+03 1.421541607930592430e-23
1.007889554955785343e+03 1.428778577958201783e-23
1.012254888311999025e+03 1.436043446733689558e-23
1.016639128635962493e+03 1.443336335971769846e-23
1.021042357816824847e+03 1.450657368060106683e-23
1.025464658098408336e+03 1.458006666060202430e-23
1.029906112080746425e+03 1.465384353708317888e-23
1.034366802721628801e+03 1.472790555416410643e-23
1.038846813338149104e+03 1.480225396273092794e-23
1.043346227608258687e+03 1.487689002044608672e-23
1.047865129572331398e+03 1.495181499175840183e-23
1.052403603634736101e+03 1.502703014791339186e-23
1.056961734565410097e+03 1.510253676696368978e-23
1.061539607501441651e+03 1.517833613377971647e-23
1.066137307948661146e+03 1.525442954006067155e-23
1.070754921783240889e+03 1.533081828434565359e-23
1.075392535253297865e+03 1.540750367202507415e-23
1.080050234980496953e+03 1.548448701535206006e-23
1.084728107961682554e+03 1.556176963345454341e-23
1.089426241570494994e+03 1.563935285234708111e-23
1.094144723559002159e+03 1.571723800494319174e-23
1.098883642059340218e+03 1.579542643106777756e-23
1.103643085585361860e+03 1.587391947746989624e-23
1.108423143034288387e+03 1.595271849783565317e-23
1.113223903688366363e+03 1.603182485280127285e-23
1.118045457216538807e+03 1.611123990996650844e-23
1.122887893676121621e+03 1.619096504390827155e-23
1.127751303514483425e+03 1.627100163619437674e-23
1.132635777570733126e+03 1.635135107539754166e-23
1.137541407077417944e+03 1.643201475710965751e-23
1.142468283662230988e+03 1.651299408395630352e-23
1.147416499349719743e+03 1.659429046561140237e-23
1.152386146563002058e+03 1.667590531881206674e-23
1.157377318125496004e+03 1.675784006737378956e-23
1.162390107262655192e+03 1.684009614220582836e-23
1.167424607603707273e+03 1.692267498132672178e-23
1.172480913183401299e+03 1.700557802988006172e-23
1.177559118443766238e+03 1.708880674015055361e-23
1.182659318235877208e+03 1.717236257158026461e-23
1.187781607821624220e+03 1.725624699078505999e-23
1.192926082875490238e+03 1.734046147157123051e-23
1.198092839486339471e+03 1.742500749495243421e-23
1.203281974159215451e+03 1.750988654916686452e-23
1.208493583817140234e+03 1.759510012969452705e-23
1.213727765802923386e+03 1.768064973927478098e-23
1.218984617880981432e+03 1.776653688792415067e-23
1.224264238239167071e+03 1.785276309295436658e-23
1.229566725490600675e+03 1.793932987899055605e-23
1.234892178675509740e+03 1.802623877798964863e-23
1.240240697263080847e+03 1.811349132925907224e-23
1.245612381153320030e+03 1.820108907947566989e-23
1.251007330678916787e+03 1.828903358270478969e-23
1.256425646607115141e+03 1.837732640041954822e-23
1.261867430141598788e+03 1.846596910152044079e-23
1.267332782924383082e+03 1.855496326235512493e-23
1.272821807037711778e+03 1.864431046673840385e-23
1.278334605005960384e+03 1.873401230597233620e-23
1.283871279797554507e+03 1.882407037886677192e-23
1.289431934826895485e+03 1.891448629175999692e-23
1.295016673956288741e+03 1.900526165853958924e-23
1.300625601497881917e+03 1.909639810066345746e-23
1.306258822215615510e+03 1.918789724718119361e-23
1.311916441327182383e+03 1.927976073475566105e-23
1.317598564505989543e+03 1.937199020768466769e-23
1.323305297883131288e+03 1.946458731792295068e-23
1.329036748049371909e+03 1.955755372510437265e-23
1.334793022057140888e+03 1.965089109656439131e-23
1.340574227422528793e+03 1.974460110736265539e-23
1.346380472127293160e+03 1.983868544030580037e-23
1.352211864620878259e+03 1.993314578597059111e-23
1.358068513822443265e+03 2.002798384272725532e-23
1.363950529122893613e+03 2.012320131676292300e-23
1.369858020386922135e+03 2.021879992210538017e-23
1.375791097955063378e+03 2.031478138064701375e-23
1.381749872645757250e+03 2.041114742216905902e-23
1.387734455757416299e+03 2.050789978436596178e-23
1.393744959070502091e+03 2.060504021286992264e-23
1.399781494849615456e+03 2.070257046127582341e-23
1.405844175845596055e+03 2.080049229116628862e-23
1.411933115297625818e+03 2.089880747213694981e-23
1.418048426935341240e+03 2.099751778182188623e-23
1.424190224980960238e+03 2.109662500591940337e-23
1.430358624151418553e+03 2.119613093821800846e-23
1.436553739660509791e+03 2.129603738062254174e-23
1.442775687221034104e+03 2.139634614318049281e-23
1.449024583046962562e+03 2.149705904410867554e-23
1.455300543855610840e+03 2.159817790982008225e-23
1.461603686869816556e+03 2.169970457495088479e-23
1.467934129820125008e+03 2.180164088238767373e-23
1.474291990946991518e+03 2.190398868329495017e-23
1.480677389002993777e+03 2.200674983714294093e-23
1.487090443255045557e+03 2.210992621173542836e-23
1.493531273486622013e+03 2.221351968323787697e-23
1.500000000000000455e+03 2.231753213620586571e-23
